0 0 0 0 0 0
0 0 0 0 0 0
0 0 0 0 0 0
0 0 0 0 0 0
0 0 0 0 0 0
0 0 0 0 0 0
0 0 0 0 0 0
0 0 0 0 0 0
0 0 0 0 0 0
0 0 0 0 0 0
0 0 0 0 0 0
0 0 0 0 0 0
0 0 0 0 0 0
0 0 0 0 0 0
0 0 0 0 0 0
0 0 0 0 0 0
0 0 0 0 0 0
0 0 0 0 0 0
0 0 0 0 0 0
0 0 0 0 0 0
0 0 0 0 0 0
0 0 0 0 0 0
0 0 0 0 0 0
0 0 0 0 0 0
0 0 0 0 0 0
0 0 0 0 0 0
0 0 0 0 0 0
0 0 0 0 0 0
0 0 0 0 0 0
0 0 0 0 0 0
0 0 0 0 0 0
0 0 0 0 0 0
0 0 0 0 0 0
0 0 0 0 0 0
0 0 0 0 0 0
0 0 0 0 0 0
0.1240603 0 0 0 0 0
0.1917293 0 0 0 0 0
0.2593985 0 0 0 0 0
0.3157894 0 0 0 0 0
0.3721806 0 0 0 0 0
0.394737 0 0 0 0 0
0.4060152 0 0 0 0 0
0.4060152 0 0 0 0 0
0.4060152 0 0 0 0 0
0.4060152 0 0 0 0 0
0.4060152 0 0 0 0 0
0.4060152 0 0 0 0 0
0.4060152 0 0 0 0 0
0.4060152 0 0 0 0 0
0.4060152 0 0 0 0 0
0.4060152 0 0 0 0 0
0.4060152 0 0 0 0 0
0.4060152 0 0 0 0 0
0.4060152 0 0 0 0 0
0.4060152 0 0 0 0 0
0.4060152 0 0 0 0 0
0.4060152 0 0 0 0 0
0.4060152 0 0 0 0 0
0.3959704 0 0 0 0 0
0.497474 0 0 0 0 0
0.5200307 0 0 0 0 0
0.542587 0 0 0 0 0
0.542587 0 0 0 0 0
0.542587 0 0 0 0 0
0.542587 0 0 0 0 0
0.5764217 0 0 0 0 0
0.644091 0 0 0 0 0
0.6779253 0 0 0 0 0
0.6779253 0 0 0 0 0
0.6779253 0 0 0 0 0
0.6779253 0 0 0 0 0
0.6779253 0 0 0 0 0
0.6779253 0 0 0 0 0
0.6779253 0 0 0 0 0
0.6779253 0 0 0 0 0
0.6779253 0 0 0 0 0
0.6779253 0 0 0 0 0
0.6779253 0 0 0 0 0
0.6779253 0 0 0 0 0
0.6779253 0 0 0 0 0
0.6779253 0.5200307 0 0 0 0
0.6779253 0.5200307 0 0 0 0
0.6779253 0.5200307 0 0 0 0
0.6779253 0.5876999 0 0 0 0
0.6779253 0.644091 0 0 0 0
0.6779253 0.6779253 0 0 0 0
0.6779253 0.7230381 0 0 0 0
0.6779253 0.7230381 0 0 0 0
0.6779253 0.7230381 0 0 0 0
0.6779253 0.7230381 0 0 0 0
0.6779253 0.7230381 0 0 0 0
0.6779253 0.7230381 0 0 0 0
0.6779253 0.7230381 0 0 0 0
0.6779253 0.7568728 0 0 0 0
0.6779253 0.768151 0 0 0 0
0.6779253 0.7907074 0 0 0 0
0.6779253 0.7907074 0 0 0 0
0.6779253 0.7907074 0 0 0 0
0.6779253 0.7907074 0 0 0 0
0.6779253 0.7907074 0 0 0 0
0.6779253 0.7907074 0 0 0 0
0.6779253 0.7907074 0 0 0 0
0.6779253 0.7907074 0 0 0 0
0.6779253 0.7907074 0 0 0 0
0.6779253 0.7907074 0 0 0 0
0.6779253 0.7907074 0 0 0 0
0.6779253 0.7907074 0 0 0 0
0.6779253 0.7907074 0 0 0 0
0.6779253 0.7907074 0 0 0 0
0.6779253 0.7907074 0 0 0 0
0.6779253 0.7907074 0 0 0 0
0.6779253 0.7907074 0 0 0 0
0.6779253 0.7907074 0 0 0 0
0.6779253 0.7907074 0 0 0 0
0.6779253 0.7907074 0 0 0 0
0.6779253 0.7907074 0 0 0 0
0.6779253 0.7907074 0 0 0 0
0.6779253 0.7907074 0 0 0 0
0.6779253 0.7907074 0 0 0 0
0.6779253 0.7907074 0 0 0 0
0.6779253 0.7907074 0 0 0 0
0.6779253 0.3170231 0 0 0 0
0.6779253 0.3170231 0 0 0 0
0.6779253 0.3170231 0 0 0 0
0.6779253 0.3170231 0 0 0 0
0.6779253 0.3170231 0 0 0 0
0.6779253 0.3621357 0 0 0 0
0.6779253 0.4072488 0 0 0 0
0.6779253 0.4072488 0 0 0 0
0.6779253 0.4072488 0 0 0 0
0.6779253 0.4072488 0 0 0 0
0.6779253 0.4072488 0 0 0 0
0.6779253 0.4072488 0 0 0 0
0.6779253 0.4072488 0 0 0 0
0.6779253 0.4072488 0 0 0 0
0.6779253 0.4072488 0 0 0 0
0.6779253 0.4072488 0 0 0 0
0.6779253 0.4072488 0 0 0 0
0.6779253 0.4072488 0 0 0 0
0.6779253 0.4072488 0 0 0 0
0.6779253 0.4072488 0.486196 0 0 0
0.6779253 0.4072488 0.486196 0 0 0
0.6779253 0.4072488 0.497474 0 0 0
0.6779253 0.4072488 0.5989779 0 0 0
0.6779253 0.4072488 0.6666473 0 0 0
0.6779253 0.4072488 0.7117599 0 0 0
0.6779253 0.4072488 0.7455946 0 0 0
0.6779253 0.4072488 0.7455946 0 0 0
0.6779253 0.4072488 0.7455946 0 0 0
0.6779253 0.4072488 0.7455946 0 0 0
0.6779253 0.4072488 0.7455946 0 0 0
0.6779253 0.4072488 0.7455946 0 0 0
0.6779253 0.4072488 0.7455946 0 0 0
0.6779253 0.4072488 0.7455946 0 0 0
0.6779253 0.4072488 0.7455946 0 0 0
0.6779253 0.4072488 0.7455946 0 0 0
0.6779253 0.4072488 0.7455946 0 0 0
0.6779253 0.4072488 0.7455946 0 0 0
0.6779253 0.4072488 0.7455946 0 0 0
0.6779253 0.4072488 0.7455946 0 0 0
0.6779253 0.4072488 0.7455946 0 0 0
0.6779253 0.4072488 0.7455946 0 0 0
0.6779253 0.4072488 0.7455946 0.3395793 0 0
0.6779253 0.4072488 0.7455946 0.3395793 0 0
0.6779253 0.4072488 0.7455946 0.3395793 0 0
0.6779253 0.4072488 0.7455946 0.4072488 0 0
0.6779253 0.4072488 0.7455946 0.4298052 0 0
0.6779253 0.4072488 0.7455946 0.4298052 0 0
0.6779253 0.4072488 0.7455946 0.4298052 0 0
0.6779253 0.4072488 0.7455946 0.4298052 0 0
0.6779253 0.4072488 0.7455946 0.4298052 0 0
0.6779253 0.4072488 0.7455946 0.4298052 0 0
0.6779253 0.4072488 0.7455946 0.4636396 0 0
0.6779253 0.4072488 0.7455946 0.5200307 0 0
0.6779253 0.4072488 0.7455946 0.5313088 0 0
0.6779253 0.4072488 0.7455946 0.5651435 0 0
0.6779253 0.4072488 0.7455946 0.6102561 0 0
0.6779253 0.4072488 0.7455946 0.644091 0 0
0.6779253 0.4072488 0.7455946 0.644091 0 0
0.6779253 0.4072488 0.7455946 0.644091 0 0
0.6779253 0.4072488 0.7455946 0.4749178 0 0
0.6779253 0.4072488 0.7455946 0.3621357 0 0
0.6779253 0.4072488 0.7455946 0.3170231 0 0
0.6779253 0.4072488 0.7455946 0.2944667 0 0
0.6779253 0.4072488 0.7455946 0.2944667 0 0
0.6779253 0.4072488 0.7455946 0.2944667 0 0
0.6779253 0.4072488 0.7455946 0.2944667 0 0
0.6779253 0.4072488 0.7455946 0.2944667 0 0
0.6779253 0.4072488 0.7455946 0.2944667 0 0
0.6779253 0.4072488 0.7455946 0.2944667 0 0
0.6779253 0.4072488 0.7455946 0.2944667 0 0
0.6779253 0.4072488 0.7455946 0.2944667 0 0
0.6779253 0.4072488 0.7455946 0.2944667 0 0
0.6779253 0.4072488 0.7455946 0.2944667 0 0
0.6779253 0.4072488 0.7455946 0.2944667 0 0
0.6779253 0.4072488 0.7455946 0.2944667 0 0
0.6779253 0.4072488 0.7455946 0.2944667 0 0
0.6779253 0.4072488 0.7455946 0.2944667 0 0
0.6779253 0.4072488 0.3846922 0.2944667 0 0
0.6779253 0.4072488 0.3508576 0.2944667 0 0
0.6779253 0.4072488 0.3508576 0.2944667 0 0
0.6779253 0.4072488 0.3508576 0.2944667 0 0
0.6779253 0.4072488 0.3508576 0.2944667 0 0
0.6779253 0.4072488 0.3508576 0.2944667 0 0
0.6779253 0.4072488 0.3508576 0.2944667 0 0
0.6779253 0.4072488 0.3508576 0.2944667 0 0
0.6779253 0.4072488 0.3508576 0.2944667 0 0
0.6779253 0.4072488 0.3508576 0.2944667 0 0
0.6779253 0.4072488 0.3508576 0.2944667 0 0
0.6779253 0.4072488 0.3508576 0.2944667 0 0
0.6779253 0.4072488 0.3508576 0.2944667 0 0
0.6779253 0.4072488 0.2944667 0.2944667 0 0
0.6779253 0.4072488 0.2380757 0.2944667 0 0
0.6779253 0.4072488 0.2155193 0.2944667 0 0
0.6779253 0.4072488 0.2155193 0.2944667 0 0
0.6779253 0.4072488 0.2155193 0.2944667 0 0
0.6779253 0.4072488 0.2155193 0.2944667 0 0
0.6779253 0.4072488 0.1929629 0.2944667 0 0
0.6779253 0.4072488 0.1929629 0.2944667 0 0
0.6779253 0.4072488 0.1929629 0.2944667 0 0
0.6779253 0.4072488 0.1929629 0.2944667 0 0
0.6779253 0.4072488 0.1929629 0.2944667 0 0
0.6779253 0.4072488 0.1929629 0.2944667 0 0
0.6779253 0.4072488 0.1929629 0.2944667 0 0
0.6779253 0.4072488 0.2606321 0.2944667 0 0
0.6779253 0.4072488 0.2831885 0.2944667 0 0
0.6779253 0.4072488 0.2831885 0.2944667 0 0
0.6779253 0.4072488 0.2831885 0.2944667 0 0
0.6779253 0.4072488 0.2831885 0.2944667 0 0
0.6779253 0.4072488 0.2831885 0.2944667 0 0
0.6779253 0.4072488 0.2831885 0.2944667 0 0
0.6779253 0.4072488 0.2831885 0.2944667 0 0
0.6779253 0.4072488 0.2831885 0.2944667 0 0
0.6779253 0.4072488 0.2831885 0.2944667 0 0
0.6779253 0.4072488 0.2831885 0.2944667 0 0
0.6779253 0.4072488 0.2831885 0.2944667 0 0
0.6779253 0.4072488 0.2831885 0.2944667 0 0
0.6779253 0.4072488 0.2831885 0.2944667 0 0
0.6779253 0.4072488 0.2831885 0.2944667 0 0
0.6779253 0.4072488 0.2831885 0.5651435 0 0
0.6779253 0.4072488 0.2831885 0.5989779 0 0
0.6779253 0.4072488 0.2831885 0.6215343 0 0
0.6779253 0.4072488 0.2831885 0.644091 0 0
0.6779253 0.4072488 0.2831885 0.7004817 0 0
0.6779253 0.4072488 0.2831885 0.7004817 0 0
0.6779253 0.4072488 0.2831885 0.7004817 0 0
0.6779253 0.4072488 0.2831885 0.7230381 0 0
0.6779253 0.4072488 0.2831885 0.7230381 0 0
0.6779253 0.4072488 0.2831885 0.7230381 0 0
0.6779253 0.4072488 0.2831885 0.7230381 0 0
0.6779253 0.4072488 0.2831885 0.7230381 0 0
0.6779253 0.4072488 0.2831885 0.7230381 0 0
0.6779253 0.4072488 0.2831885 0.7230381 0 0
0.6779253 0.4072488 0.2831885 0.7230381 0 0
0.6779253 0.4072488 0.2831885 0.7230381 0 0
0.6779253 0.4072488 0.2831885 0.7230381 0 0
0.6779253 0.4072488 0.2831885 0.7230381 0 0
0.6779253 0.4072488 0.2831885 0.7230381 0 0
0.6779253 0.4072488 0.2831885 0.7230381 0 0
0.6779253 0.4072488 0.2831885 0.7230381 0 0
0.6779253 0.4072488 0.2831885 0.7230381 0 0
0.6779253 0.4072488 0.2831885 0.7230381 0 0
0.6779253 0.4072488 0.2831885 0.7230381 0 0
0.6779253 0.4072488 0.2831885 0.7230381 0 0
0.6779253 0.4072488 0.2831885 0.7230381 0 0
0.6779253 0.4072488 0.2831885 0.7230381 0 0
0.6779253 0.4072488 0.2831885 0.7230381 0 0
0.6779253 0.4072488 0.2831885 0.7230381 0 0
0.6779253 0.4072488 0.2831885 0.7230381 0 0
0.6779253 0.4072488 0.2831885 0.7230381 0 0
0.6779253 0.4072488 0.2831885 0.7230381 0.3621357 0
0.6779253 0.4072488 0.2831885 0.7230381 0.3621357 0
0.6779253 0.4072488 0.2831885 0.7230381 0.3621357 0
0.6779253 0.4072488 0.2831885 0.7230381 0.4298052 0
0.6779253 0.4072488 0.2831885 0.7230381 0.4523614 0
0.6779253 0.4072488 0.2831885 0.7230381 0.4523614 0
0.6779253 0.4072488 0.2831885 0.7230381 0.4523614 0
0.6779253 0.4072488 0.2831885 0.7230381 0.4523614 0
0.6779253 0.4072488 0.2831885 0.7230381 0.4523614 0
0.6779253 0.4072488 0.2831885 0.7230381 0.5087525 0
0.6779253 0.4072488 0.2831885 0.7230381 0.5087525 0
0.6779253 0.4072488 0.2831885 0.7230381 0.5087525 0
0.6779253 0.4072488 0.2831885 0.7230381 0.5313088 0
0.6779253 0.4072488 0.2831885 0.7230381 0.5313088 0
0.6779253 0.4072488 0.2831885 0.7230381 0.5313088 0
0.6779253 0.4072488 0.2831885 0.7230381 0.5538653 0
0.6779253 0.4072488 0.2831885 0.7230381 0.5876999 0
0.6779253 0.4072488 0.2831885 0.7230381 0.5876999 0
0.6779253 0.4072488 0.2831885 0.7230381 0.5876999 0
0.6779253 0.4072488 0.2831885 0.7230381 0.5876999 0
0.6779253 0.4072488 0.2831885 0.7230381 0.5876999 0
0.6779253 0.4072488 0.2831885 0.7230381 0.5876999 0
0.6779253 0.4072488 0.2831885 0.7230381 0.542587 0
0.6779253 0.4072488 0.2831885 0.7230381 0.497474 0
0.6779253 0.4072488 0.2831885 0.7230381 0.418527 0
0.6779253 0.4072488 0.2831885 0.7230381 0.3846922 0
0.6779253 0.4072488 0.2831885 0.7230381 0.3621357 0
0.6779253 0.4072488 0.2831885 0.7230381 0.2944667 0
0.6779253 0.4072488 0.2831885 0.7230381 0.2606321 0
0.6779253 0.4072488 0.2831885 0.7230381 0.2380757 0
0.6779253 0.4072488 0.2831885 0.7230381 0.2042411 0
0.6779253 0.4072488 0.2831885 0.7230381 0.2042411 0
0.6779253 0.4072488 0.2831885 0.7230381 0.2042411 0
0.6779253 0.4072488 0.2831885 0.7230381 0.2042411 0
0.6779253 0.4072488 0.2831885 0.7230381 0.2042411 0
0.6779253 0.4072488 0.2831885 0.7230381 0.2042411 0
0.6779253 0.4072488 0.2831885 0.7230381 0.2042411 0
0.6779253 0.4072488 0.2831885 0.7230381 0.2042411 0
0.6779253 0.4072488 0.2831885 0.7230381 0.2042411 0
0.6779253 0.4072488 0.2831885 0.7230381 0.2042411 0
0.6779253 0.4072488 0.2831885 0.7230381 0.2042411 0
0.6779253 0.4072488 0.2831885 0.7230381 0.2042411 0
0.6779253 0.4072488 0.2831885 0.7230381 0.2042411 0
0.6779253 0.4072488 0.2831885 0.7230381 0.2042411 0
0.6779253 0.4072488 0.2831885 0.7230381 0.2042411 0
0.6779253 0.4072488 0.2831885 0.7230381 0.2042411 0
0.6779253 0.4072488 0.2831885 0.7230381 0.2042411 0
0.6779253 0.4072488 0.2831885 0.7230381 0.2042411 0
0.6779253 0.4072488 0.2831885 0.7230381 0.2042411 0
0.6779253 0.4072488 0.2831885 0.7230381 0.2042411 0
0.6779253 0.4072488 0.2831885 0.7230381 0.2042411 0
0.6779253 0.4072488 0.2831885 0.7230381 0.2042411 0
0.6779253 0.4072488 0.2831885 0.7230381 0.2042411 0
0.6779253 0.4072488 0.2831885 0.7230381 0.2042411 0
0.6779253 0.4072488 0.2831885 0.7230381 0.2042411 0
0.6779253 0.4072488 0.2831885 0.7230381 0.2042411 0
0.6779253 0.4072488 0.2831885 0.7230381 0.2042411 0
0.6779253 0.4072488 0.2831885 0.7230381 0.2042411 0
0.6779253 0.4072488 0.2831885 0.7230381 0.2042411 0
0.6779253 0.4072488 0.2831885 0.7230381 0.2042411 0
0.6779253 0.4072488 0.2831885 0.7230381 0.2042411 0
0.6779253 0.4072488 0.2831885 0.7230381 0.2042411 0
0.6779253 0.4072488 0.2831885 0.7230381 0.2042411 0
0.6779253 0.4072488 0.2831885 0.7230381 0.2042411 0
0.6779253 0.4072488 0.2831885 0.7230381 0.2042411 0
0.6779253 0.4072488 0.2831885 0.7230381 0.2042411 0
0.6779253 0.4072488 0.2831885 0.7230381 0.2042411 0
0.6779253 0.4072488 0.2831885 0.7230381 0.2042411 0
0.6779253 0.4072488 0.2831885 0.7230381 0.2042411 0
0.6779253 0.4072488 0.2831885 0.7230381 0.2042411 0
0.6779253 0.4072488 0.2831885 0.7230381 0.2042411 0
0.6779253 0.4072488 0.2831885 0.7230381 0.2042411 0
0.6779253 0.4072488 0.2831885 0.7230381 0.2042411 0
0.6779253 0.4072488 0.2831885 0.7230381 0.2042411 0
0.6779253 0.4072488 0.2831885 0.7230381 0.2042411 0
0.6779253 0.4072488 0.2831885 0.7230381 0.2042411 0
0.6779253 0.4072488 0.2831885 0.7230381 0.2042411 0
0.6779253 0.4072488 0.2831885 0.7230381 0.2042411 0
0.6779253 0.4072488 0.2831885 0.7230381 0.2042411 0
0.6779253 0.4072488 0.2831885 0.7230381 0.2042411 0
0.6779253 0.4072488 0.2831885 0.7230381 0.2042411 0
0.6779253 0.4072488 0.2831885 0.7230381 0.2042411 0
0.6779253 0.4072488 0.2831885 0.7230381 0.2042411 0
0.6779253 0.4072488 0.2831885 0.7230381 0.2042411 0
0.6779253 0.4072488 0.2831885 0.7230381 0.2042411 0
0.6779253 0.4072488 0.2831885 0.7230381 0.2042411 0
0.6779253 0.4072488 0.2831885 0.7230381 0.2042411 0
0.6779253 0.4072488 0.2831885 0.7230381 0.2042411 0
0.6779253 0.4072488 0.2831885 0.7230381 0.2042411 0
0.6779253 0.4072488 0.2831885 0.7230381 0.2042411 0
0.6779253 0.4072488 0.2831885 0.7230381 0.2042411 0
0.6779253 0.4072488 0.2831885 0.7230381 0.2042411 0
0.6779253 0.4072488 0.2831885 0.7230381 0.2042411 0
0.6779253 0.4072488 0.2831885 0.7230381 0.2042411 0
0.6779253 0.4072488 0.2831885 0.7230381 0.2042411 0
0.6779253 0.4072488 0.2831885 0.7230381 0.2042411 0
0.6779253 0.4072488 0.2831885 0.7230381 0.2042411 0
0.6779253 0.4072488 0.2831885 0.7230381 0.2042411 0
0.6779253 0.4072488 0.2831885 0.7230381 0.2042411 0
0.6779253 0.4072488 0.2831885 0.7230381 0.2042411 0
0.6779253 0.4072488 0.2831885 0.7230381 0.2042411 0
0.6779253 0.4072488 0.2831885 0.7230381 0.2042411 0
0.6779253 0.4072488 0.2831885 0.7230381 0.2042411 0
0.6779253 0.4072488 0.2831885 0.7230381 0.2042411 0
0.6779253 0.4072488 0.2831885 0.7230381 0.2042411 0
0.6779253 0.4072488 0.2831885 0.7230381 0.2042411 0
0.6779253 0.4072488 0.2831885 0.7230381 0.2042411 0
0.6779253 0.4072488 0.2831885 0.7230381 0.2042411 0
0.6779253 0.4072488 0.2831885 0.7230381 0.2042411 0
0.6779253 0.4072488 0.2831885 0.7230381 0.2042411 0
0.6779253 0.4072488 0.2831885 0.7230381 0.2042411 0
0.6779253 0.4072488 0.2831885 0.7230381 0.2042411 0
0.6779253 0.4072488 0.2831885 0.7230381 0.2042411 0
0.6779253 0.4072488 0.2831885 0.7230381 0.2042411 0
0.6779253 0.4072488 0.2831885 0.7230381 0.2042411 0
0.6779253 0.4072488 0.2831885 0.7230381 0.2042411 0
