0 0 0 0 0 0
0 0 0 0 0 0
0 0 0 0 0 0
0 0 0 0 0 0
0 0 0 0 0 0
0 0 0 0 0 0
0 0 0 0 0 0
0 0 0 0 0 0
0 0 0 0 0 0
0 0 0 0 0 0
0 0 0 0 0 0
0 0 0 0 0 0
0 0 0 0 0 0
0 0 0 0 0 0
0 0 0 0 0 0
0 0 0 0 0 0
0 0 0 0 0 0
0 0 0 0 0 0
0 0 0 0 0 0
0 0 0 0 0 0
0 0 0 0 0 0
0 0 0 0 0 0
0 0 0 0 0 0
0 0 0 0 0 0
0 0 0 0 0 0
0 0 0 0 0 0
0 0 0 0 0 0
0 0 0 0 0 0
0 0 0 0 0 0
0 0 0 0 0 0
0 0 0 0 0 0
0 0 0 0 0 0
0 0 0 0 0 0
0 0 0 0 0 0
0 0 0 0 0 0
0 0 0 0 0 0
0 0 0 0 0 0
0 0 0 0 0 0
0 0 0 0 0 0
0 0 0 0 0 0
0 0 0 0 0 0
0 0 0 0 0 0
0 0 0 0 0 0
0 0 0 0 0 0
0 0 0 0 0 0
0.14785 0 0 0 0 0
0.14785 0 0 0 0 0
0.2042411 0 0 0 0 0
0.373414 0 0 0 0 0
0.5200307 0 0 0 0 0
0.5538653 0 0 0 0 0
0.5538653 0 0 0 0 0
0.5538653 0 0 0 0 0
0.5538653 0 0 0 0 0
0.5538653 0 0 0 0 0
0.5538653 0 0 0 0 0
0.5538653 0 0 0 0 0
0.5764217 0 0 0 0 0
0.6666473 0 0 0 0 0
0.6666473 0 0 0 0 0
0.6666473 0 0 0 0 0
0.6666473 0 0 0 0 0
0.6666473 0 0 0 0 0
0.6666473 0 0 0 0 0
0.6666473 0 0 0 0 0
0.6666473 0 0 0 0 0
0.6666473 0 0 0 0 0
0.6666473 0 0 0 0 0
0.6666473 0 0 0 0 0
0.6666473 0 0 0 0 0
0.6666473 0 0 0 0 0
0.6666473 0 0 0 0 0
0.6666473 0 0 0 0 0
0.6666473 0 0 0 0 0
0.6666473 0 0 0 0 0
0.6666473 0 0 0 0 0
0.6666473 0 0 0 0 0
0.6666473 0 0 0 0 0
0.6666473 0 0 0 0 0
0.6666473 0 0 0 0 0
0.6666473 0.1591285 0 0 0 0
0.6666473 0.1591285 0 0 0 0
0.6666473 0.1591285 0 0 0 0
0.6666473 0.2042411 0 0 0 0
0.6666473 0.2606321 0 0 0 0
0.6666473 0.2606321 0 0 0 0
0.6666473 0.2606321 0 0 0 0
0.6666473 0.2606321 0 0 0 0
0.6666473 0.2606321 0 0 0 0
0.6666473 0.2606321 0 0 0 0
0.6666473 0.2606321 0 0 0 0
0.6666473 0.2606321 0 0 0 0
0.6666473 0.2606321 0 0 0 0
0.6666473 0.2606321 0 0 0 0
0.6666473 0.2606321 0 0 0 0
0.6666473 0.2606321 0 0 0 0
0.6666473 0.2606321 0 0 0 0
0.6666473 0.2606321 0 0 0 0
0.6666473 0.2606321 0 0 0 0
0.6666473 0.2606321 0 0 0 0
0.6666473 0.2606321 0 0 0 0
0.6666473 0.2606321 0 0 0 0
0.6666473 0.2606321 0 0 0 0
0.6666473 0.2606321 0 0 0 0
0.6666473 0.2606321 0 0 0 0
0.6666473 0.2606321 0 0 0 0
0.6666473 0.2606321 0 0 0 0
0.6666473 0.2606321 0 0 0 0
0.6666473 0.2606321 0 0 0 0
0.6666473 0.2606321 0 0 0 0
0.6666473 0.2606321 0.2380757 0 0 0
0.6666473 0.2606321 0.2380757 0 0 0
0.6666473 0.2606321 0.2831885 0 0 0
0.6666473 0.2606321 0.3395793 0 0 0
0.6666473 0.2606321 0.3508576 0 0 0
0.6666473 0.2606321 0.4298052 0 0 0
0.6666473 0.2606321 0.497474 0 0 0
0.6666473 0.2606321 0.5200307 0 0 0
0.6666473 0.2606321 0.5538653 0 0 0
0.6666473 0.2606321 0.5538653 0 0 0
0.6666473 0.2606321 0.5538653 0 0 0
0.6666473 0.2606321 0.5538653 0 0 0
0.6666473 0.2606321 0.5538653 0 0 0
0.6666473 0.2606321 0.5764217 0 0 0
0.6666473 0.2606321 0.644091 0 0 0
0.6666473 0.2606321 0.6553691 0 0 0
0.6666473 0.2606321 0.6553691 0 0 0
0.6666473 0.2606321 0.6553691 0 0 0
0.6666473 0.2606321 0.6553691 0 0 0
0.6666473 0.2606321 0.6553691 0 0 0
0.6666473 0.2606321 0.6553691 0 0 0
0.6666473 0.2606321 0.6553691 0 0 0
0.6666473 0.2606321 0.6553691 0 0 0
0.6666473 0.2606321 0.6553691 0 0 0
0.6666473 0.2606321 0.6553691 0 0 0
0.6666473 0.2606321 0.6553691 0 0 0
0.6666473 0.2606321 0.6553691 0 0 0
0.6666473 0.2606321 0.6553691 0 0 0
0.6666473 0.2606321 0.6553691 0 0 0
0.6666473 0.2606321 0.6553691 0 0 0
0.6666473 0.2606321 0.6553691 0 0 0
0.6666473 0.2606321 0.6553691 0 0 0
0.6666473 0.2606321 0.6553691 0 0 0
0.6666473 0.2606321 0.6553691 0 0 0
0.6666473 0.2606321 0.6553691 0 0 0
0.6666473 0.2606321 0.6553691 0 0 0
0.6666473 0.2606321 0.6553691 0 0 0
0.6666473 0.2606321 0.6553691 0 0 0
0.6666473 0.2606321 0.6553691 0 0 0
0.6666473 0.2606321 0.6553691 0 0 0
0.6666473 0.2606321 0.6553691 0 0 0
0.6666473 0.2606321 0.6553691 0 0 0
0.6666473 0.2606321 0.6553691 0 0 0
0.6666473 0.2606321 0.6553691 0 0 0
0.6666473 0.2606321 0.6553691 0 0 0
0.6666473 0.2606321 0.6553691 0 0 0
0.6666473 0.2606321 0.6553691 0 0 0
0.6666473 0.2606321 0.6553691 0 0 0
0.6666473 0.2606321 0.6553691 0 0 0
0.6666473 0.2606321 0.6553691 0 0 0
0.6666473 0.2606321 0.6553691 0 0 0
0.6666473 0.2606321 0.6553691 0 0 0
0.6666473 0.2606321 0.6553691 0 0 0
